       1       1       1       0       0     999
       2       1       1       0       0     999
       2       0       1       1       0    -999
       4       0       1       1       0    -999
       6       0       1       1       0    -999
       8       0       1       1       0    -999
       7       0       0       1       1    -999
       8       0       0       1       1    -999
       1       1       0       0       1    -999
       3       1       0       0       1    -999
       5       1       0       0       1    -999
       7       1       0       0       1    -999
